20
5
106.704002
6.064208
39.051830
24.423210
38.859978
29.003424
21.497099
14.040519
18.242239
26.215324
24.842295
36.347462
14.331416
32.572945
29.687092
10.502677
41.557404
10.712155
10.339777
10.336858
38.824322
0 0 0 0 0 0 0 0 0 0 0 0 0 0 0 0 0 138 0 0 0 0 0 0 0 0 68 0 0 0 0 0 0 0 0 0 0 0 0 0 0 0 0 0 0 0 0 0 0 0 0 0 0 0 0 0 0 0 0 0 0 0 0 0 0 0 0 0 33 0 0 0 0 0 0 0 0 0 0 0 0 0 0 0 0 0 0 0 0 0 0 0 81 0 192 0 0 0 144 0 0 0 0 0 0 0 0 54 0 0 0 191 0 0 0 0 0 0 0 157 0 68 0 0 0 0 0 0 0 0 0 0 0 0 0 0 0 0 0 0 0 0 0 0 0 54 0 0 0 63 0 116 0 0 0 0 145 0 0 13 0 0 0 33 0 0 0 0 0 0 0 0 0 0 0 0 0 0 0 0 0 0 0 0 0 0 0 63 0 0 0 0 0 0 0 0 175 0 0 0 0 0 0 0 0 0 0 0 0 0 0 0 0 0 0 0 0 0 0 0 0 0 0 0 0 191 0 116 0 0 0 0 0 0 0 0 0 0 0 150 0 0 0 0 81 0 0 0 0 0 0 0 0 0 134 0 0 0 0 0 0 0 0 0 0 0 0 0 0 0 0 0 0 0 0 0 0 0 87 0 0 0 0 0 192 0 0 0 0 0 0 0 134 0 0 0 0 0 115 0 0 0 0 0 0 0 0 0 0 0 0 0 0 0 0 0 0 0 0 0 0 0 0 0 0 0 0 145 0 175 0 0 0 0 0 0 0 0 0 0 138 0 0 0 0 0 0 0 0 0 0 0 0 0 0 0 0 0 0 0 0 0 0 0 144 0 0 0 0 0 0 0 0 87 115 0 0 0 0 0 0 0 0 0 0 157 0 13 0 0 0 150 0 0 0 0 0 0 0 0 