82 8 ds 25 75 25 75 25 75 25 75 25 75 25 75 25 75 25 75 W 1 7 4 1 2 2 6 9 1 2 6 7 6 5 4 9 9 4 6 10 9 9 4 3 5 7 3 6 8 6 4 8 1 3 8 5 3 3 1 8 3 4 10 4 5 1 2 7 9 9 1 8 6 4 8 2 6 8 9 5 6 2 9 1 2 7 10 8 1 10 10 3 6 2 3 10 6 8 3 6 7 10
0 1 0.0
0 2 0.0
0 3 0.0
0 4 0.0
0 5 0.0
0 6 0.0
0 7 0.0
0 8 0.0
0 9 0.0
0 10 0.0
0 11 4.20112
0 12 0.0
0 13 0.0
0 14 0.0
0 15 0.0
0 16 0.0
0 17 0.0
0 18 0.725708
0 19 0.0
0 20 0.0
0 21 0.0
0 22 0.0
0 23 0.0
0 24 2.23864
0 25 0.0
0 26 0.0
0 27 0.0
0 28 0.0
0 29 0.0
0 30 0.0
0 31 0.0
0 32 0.0
0 33 0.0
0 34 0.0
0 35 0.0
0 36 0.0
0 37 0.0
0 38 0.0
0 39 0.0
0 40 0.0
0 41 0.0
0 42 0.0
0 43 0.0
0 44 0.0
0 45 0.0
0 46 0.0
0 47 0.0
0 48 0.0
0 49 0.0
0 50 0.0
0 51 0.0
0 52 0.0
0 53 0.0
0 54 0.0
0 55 0.0
0 56 0.0
0 57 0.0
0 58 0.0
0 59 0.0
0 60 0.0
0 61 0.0
0 62 0.0
0 63 0.0
0 64 0.0
0 65 0.0
0 66 0.0
0 67 0.0
0 68 0.0
0 69 0.0
0 70 0.0
0 71 2.56254
0 72 0.0
0 73 0.0
0 74 0.0
0 75 0.0
0 76 0.0
0 77 0.0
0 78 0.725708
0 79 5.04383
0 80 3.98112
0 81 5.66341
1 2 0.0
1 3 0.0
1 4 0.0
1 5 0.0
1 6 0.0
1 7 0.0
1 8 0.0
1 9 0.0
1 10 0.0
1 11 2.79896
1 12 0.0
1 13 0.0
1 14 0.0
1 15 0.0
1 16 0.0
1 17 0.0
1 18 1.95501
1 19 0.0
1 20 0.0
1 21 0.0
1 22 0.0
1 23 0.0
1 24 2.8475
1 25 0.0
1 26 0.0
1 27 0.0
1 28 0.0
1 29 0.0
1 30 0.0
1 31 0.0
1 32 0.0
1 33 0.0
1 34 0.0
1 35 0.0
1 36 0.0
1 37 0.0
1 38 0.0
1 39 0.0
1 40 0.0
1 41 0.0
1 42 0.0
1 43 0.0
1 44 0.725708
1 45 0.0
1 46 0.0
1 47 0.0
1 48 0.0
1 49 0.0
1 50 0.0
1 51 0.0
1 52 0.0
1 53 0.0
1 54 0.0
1 55 0.0
1 56 0.0
1 57 0.0
1 58 0.0
1 59 0.0
1 60 0.0
1 61 0.0
1 62 0.0
1 63 0.0
1 64 0.0
1 65 0.0
1 66 0.0
1 67 0.0
1 68 0.0
1 69 0.0
1 70 0.0
1 71 2.43521
1 72 0.0
1 73 0.0
1 74 0.0
1 75 0.0
1 76 0.0
1 77 0.0
1 78 0.0
1 79 5.40967
1 80 6.8432
1 81 6.39965
2 3 0.0
2 4 0.0
2 5 0.0
2 6 0.0
2 7 0.0
2 8 0.0
2 9 0.0
2 10 0.0
2 11 5.2366
2 12 0.0
2 13 0.0
2 14 0.0
2 15 0.0
2 16 0.0
2 17 0.0
2 18 0.0
2 19 0.0
2 20 0.0
2 21 0.0
2 22 0.0
2 23 0.0
2 24 2.8475
2 25 0.0
2 26 0.0
2 27 0.0
2 28 0.0
2 29 0.0
2 30 0.0
2 31 0.0
2 32 0.0
2 33 0.0
2 34 0.0
2 35 0.0
2 36 0.0
2 37 0.0
2 38 0.0
2 39 0.0
2 40 0.0
2 41 0.0
2 42 0.0
2 43 0.0
2 44 0.725708
2 45 0.0
2 46 0.0
2 47 0.0
2 48 0.0
2 49 0.0
2 50 0.0
2 51 0.0
2 52 0.0
2 53 0.0
2 54 0.0
2 55 0.0
2 56 0.0
2 57 0.0
2 58 0.0
2 59 0.0
2 60 0.0
2 61 0.0
2 62 0.0
2 63 0.0
2 64 0.0
2 65 0.0
2 66 0.0
2 67 0.0
2 68 0.0
2 69 0.0
2 70 0.0
2 71 3.03116
2 72 0.0
2 73 0.0
2 74 0.0
2 75 0.0
2 76 0.0
2 77 0.0
2 78 0.0
2 79 3.8192
2 80 4.43003
2 81 7.6121
3 4 0.725708
3 5 0.0
3 6 0.0
3 7 0.0
3 8 0.0
3 9 0.0
3 10 0.0
3 11 0.0
3 12 0.0
3 13 0.0
3 14 0.0
3 15 4.90395
3 16 0.0
3 17 0.0
3 18 4.28279
3 19 0.0
3 20 4.97053
3 21 0.0
3 22 0.0
3 23 0.0
3 24 3.58283
3 25 0.0
3 26 0.0
3 27 0.0
3 28 0.0
3 29 0.0
3 30 0.0
3 31 0.725708
3 32 0.0
3 33 0.0
3 34 1.34413
3 35 0.0
3 36 0.0
3 37 0.0
3 38 0.0
3 39 0.0
3 40 0.0
3 41 4.78895
3 42 0.0
3 43 0.0
3 44 0.0
3 45 0.0
3 46 0.0
3 47 0.0
3 48 0.0
3 49 0.0
3 50 1.34413
3 51 0.0
3 52 0.0
3 53 0.0
3 54 0.0
3 55 0.0
3 56 0.0
3 57 0.0
3 58 0.0
3 59 0.0
3 60 0.0
3 61 0.0
3 62 0.0
3 63 0.0
3 64 0.0
3 65 0.0
3 66 0.0
3 67 0.0
3 68 0.0
3 69 0.0
3 70 0.0
3 71 0.0
3 72 0.0
3 73 0.0
3 74 0.0
3 75 0.0
3 76 4.42883
3 77 3.30789
3 78 0.0
3 79 2.21871
3 80 3.32799
3 81 3.24871
4 5 0.0
4 6 0.0
4 7 0.0
4 8 0.0
4 9 0.0
4 10 0.0
4 11 0.0
4 12 0.0
4 13 0.0
4 14 0.0
4 15 0.0
4 16 0.0
4 17 0.0
4 18 0.0
4 19 1.87451
4 20 0.0
4 21 0.0
4 22 0.0
4 23 2.36664
4 24 0.0
4 25 0.0
4 26 0.0
4 27 0.0
4 28 0.0
4 29 0.0
4 30 0.0
4 31 0.0
4 32 1.67898
4 33 0.0
4 34 0.0
4 35 0.0
4 36 0.0
4 37 0.0
4 38 0.725708
4 39 5.47926
4 40 0.0
4 41 0.0
4 42 0.0
4 43 0.0
4 44 0.0
4 45 0.0
4 46 0.0
4 47 0.0
4 48 0.0
4 49 0.0
4 50 0.0
4 51 0.0
4 52 0.0
4 53 0.0
4 54 0.0
4 55 0.0
4 56 0.0
4 57 0.0
4 58 0.0
4 59 0.0
4 60 0.0
4 61 0.0
4 62 0.0
4 63 0.0
4 64 0.0
4 65 0.0
4 66 0.0
4 67 0.0
4 68 0.0
4 69 0.0
4 70 0.0
4 71 0.0
4 72 0.0
4 73 0.0
4 74 0.0
4 75 6.92804
4 76 7.54526
4 77 4.86491
4 78 0.0
4 79 0.0
4 80 4.87906
4 81 0.725708
5 6 0.0
5 7 0.0
5 8 0.0
5 9 0.0
5 10 0.0
5 11 4.68838
5 12 0.0
5 13 0.0
5 14 0.0
5 15 0.0
5 16 0.0
5 17 0.0
5 18 1.34413
5 19 0.0
5 20 0.0
5 21 0.0
5 22 0.0
5 23 0.0
5 24 2.85133
5 25 0.0
5 26 0.0
5 27 0.0
5 28 0.0
5 29 0.0
5 30 0.0
5 31 0.0
5 32 0.0
5 33 0.0
5 34 0.0
5 35 0.0
5 36 0.0
5 37 0.0
5 38 0.0
5 39 0.0
5 40 0.0
5 41 0.0
5 42 0.0
5 43 0.0
5 44 0.0
5 45 0.0
5 46 0.0
5 47 0.0
5 48 0.0
5 49 0.0
5 50 0.0
5 51 0.0
5 52 0.0
5 53 0.0
5 54 0.0
5 55 0.0
5 56 0.0
5 57 0.0
5 58 0.0
5 59 0.0
5 60 0.0
5 61 0.0
5 62 0.0
5 63 0.0
5 64 0.0
5 65 0.0
5 66 0.0
5 67 0.0
5 68 0.0
5 69 0.0
5 70 0.0
5 71 1.34413
5 72 0.0
5 73 0.0
5 74 0.0
5 75 0.0
5 76 0.0
5 77 0.0
5 78 0.0
5 79 6.25403
5 80 3.86652
5 81 5.79899
6 7 0.0
6 8 0.0
6 9 0.0
6 10 0.0
6 11 3.86652
6 12 0.0
6 13 0.0
6 14 0.0
6 15 0.0
6 16 0.0
6 17 0.0
6 18 0.0
6 19 0.0
6 20 0.0
6 21 0.0
6 22 0.0
6 23 0.0
6 24 2.70882
6 25 0.0
6 26 0.0
6 27 0.0
6 28 0.0
6 29 0.0
6 30 0.0
6 31 0.0
6 32 0.0
6 33 0.0
6 34 0.0
6 35 0.0
6 36 0.0
6 37 0.0
6 38 0.0
6 39 0.0
6 40 0.0
6 41 0.0
6 42 0.0
6 43 0.0
6 44 0.0
6 45 0.0
6 46 0.0
6 47 0.0
6 48 0.0
6 49 0.0
6 50 0.0
6 51 0.0
6 52 0.0
6 53 0.0
6 54 0.0
6 55 0.0
6 56 0.0
6 57 0.0
6 58 0.0
6 59 0.0
6 60 0.0
6 61 0.0
6 62 0.0
6 63 0.0
6 64 0.0
6 65 0.0
6 66 0.0
6 67 0.0
6 68 0.0
6 69 0.0
6 70 0.0
6 71 3.24695
6 72 0.0
6 73 0.0
6 74 0.0
6 75 0.0
6 76 0.0
6 77 0.0
6 78 0.0
6 79 3.81199
6 80 6.11088
6 81 5.18999
7 8 0.0
7 9 0.0
7 10 0.0
7 11 5.27629
7 12 0.0
7 13 0.0
7 14 0.0
7 15 0.0
7 16 0.0
7 17 0.0
7 18 0.0
7 19 0.0
7 20 0.0
7 21 0.0
7 22 0.0
7 23 0.0
7 24 1.67898
7 25 0.0
7 26 0.0
7 27 0.0
7 28 0.0
7 29 0.0
7 30 0.0
7 31 0.0
7 32 0.0
7 33 0.0
7 34 0.0
7 35 0.0
7 36 0.0
7 37 0.0
7 38 0.0
7 39 0.0
7 40 0.0
7 41 0.0
7 42 0.0
7 43 0.0
7 44 0.0
7 45 0.0
7 46 0.0
7 47 0.0
7 48 0.0
7 49 0.0
7 50 0.0
7 51 0.0
7 52 0.0
7 53 0.0
7 54 0.0
7 55 0.0
7 56 0.0
7 57 0.0
7 58 0.0
7 59 0.0
7 60 0.0
7 61 0.0
7 62 0.0
7 63 0.0
7 64 0.0
7 65 0.0
7 66 0.0
7 67 0.0
7 68 0.0
7 69 0.0
7 70 0.0
7 71 3.5
7 72 0.0
7 73 0.0
7 74 0.0
7 75 0.0
7 76 0.0
7 77 0.0
7 78 0.0
7 79 5.40967
7 80 5.74964
7 81 7.2129
8 9 0.0
8 10 2.23864
8 11 0.0
8 12 0.0
8 13 0.0
8 14 0.0
8 15 0.0
8 16 0.0
8 17 0.0
8 18 0.0
8 19 3.84009
8 20 0.0
8 21 0.0
8 22 0.0
8 23 4.31223
8 24 0.0
8 25 0.0
8 26 0.0
8 27 0.0
8 28 0.0
8 29 0.0
8 30 7.47496
8 31 0.0
8 32 0.0
8 33 4.1714
8 34 0.0
8 35 0.0
8 36 0.0
8 37 0.0
8 38 0.0
8 39 0.0
8 40 0.0
8 41 0.0
8 42 0.0
8 43 0.0
8 44 0.0
8 45 0.0
8 46 0.0
8 47 0.0
8 48 0.0
8 49 0.0
8 50 0.0
8 51 0.0
8 52 0.0
8 53 0.0
8 54 0.0
8 55 0.0
8 56 0.0
8 57 0.0
8 58 0.0
8 59 0.0
8 60 0.0
8 61 0.0
8 62 0.0
8 63 0.0
8 64 0.0
8 65 0.0
8 66 0.0
8 67 0.0
8 68 0.0
8 69 0.0
8 70 0.0
8 71 0.0
8 72 0.0
8 73 0.0
8 74 0.0
8 75 7.18683
8 76 1.67898
8 77 0.0
8 78 0.0
8 79 0.0
8 80 5.81606
8 81 13.4406
9 10 0.0
9 11 0.0
9 12 0.0
9 13 0.0
9 14 0.0
9 15 0.0
9 16 0.0
9 17 0.0
9 18 0.0
9 19 0.0
9 20 0.0
9 21 0.0
9 22 0.0
9 23 0.0
9 24 0.0
9 25 0.0
9 26 0.0
9 27 0.0
9 28 0.0
9 29 0.0
9 30 0.0
9 31 0.0
9 32 0.0
9 33 0.0
9 34 0.0
9 35 0.0
9 36 0.0
9 37 0.0
9 38 0.0
9 39 0.0
9 40 0.0
9 41 0.0
9 42 0.0
9 43 0.0
9 44 0.0
9 45 0.0
9 46 0.0
9 47 0.0
9 48 0.0
9 49 0.0
9 50 0.0
9 51 0.0
9 52 0.0
9 53 0.0
9 54 0.0
9 55 0.0
9 56 0.0
9 57 0.0
9 58 0.0
9 59 0.0
9 60 0.0
9 61 0.0
9 62 0.0
9 63 0.0
9 64 0.0
9 65 0.0
9 66 0.0
9 67 0.0
9 68 0.0
9 69 0.0
9 70 0.0
9 71 0.0
9 72 0.0
9 73 0.0
9 74 0.0
9 75 4.03839
9 76 0.0
9 77 0.0
9 78 0.0
9 79 0.0
9 80 0.0
9 81 0.0
10 11 0.0
10 12 0.0
10 13 0.0
10 14 0.0
10 15 0.0
10 16 0.0
10 17 0.0
10 18 2.52562
10 19 0.0
10 20 0.0
10 21 10.9338
10 22 4.1714
10 23 0.0
10 24 2.23864
10 25 0.0
10 26 5.85726
10 27 0.0
10 28 3.86652
10 29 0.0
10 30 0.0
10 31 1.34413
10 32 0.0
10 33 0.0
10 34 0.0
10 35 0.0
10 36 0.0
10 37 0.0
10 38 0.0
10 39 0.0
10 40 2.89949
10 41 0.0
10 42 0.0
10 43 0.0
10 44 0.0
10 45 0.0
10 46 0.0
10 47 0.0
10 48 0.0
10 49 0.0
10 50 0.0
10 51 0.0
10 52 0.0
10 53 0.0
10 54 0.0
10 55 0.0
10 56 0.0
10 57 0.0
10 58 0.0
10 59 0.0
10 60 0.0
10 61 0.0
10 62 0.0
10 63 0.0
10 64 0.0
10 65 0.0
10 66 0.0
10 67 0.0
10 68 0.0
10 69 0.0
10 70 0.0
10 71 0.0
10 72 0.0
10 73 0.0
10 74 0.0
10 75 0.0
10 76 1.34413
10 77 0.725708
10 78 1.34413
10 79 7.77124
10 80 4.66476
10 81 6.05464
11 12 0.0
11 13 0.0
11 14 0.0
11 15 0.0
11 16 0.0
11 17 0.0
11 18 0.0
11 19 0.0
11 20 0.0
11 21 0.0
11 22 0.0
11 23 0.0
11 24 0.0
11 25 0.0
11 26 0.0
11 27 0.0
11 28 0.0
11 29 0.0
11 30 0.0
11 31 0.0
11 32 0.0
11 33 0.0
11 34 0.0
11 35 0.0
11 36 0.0
11 37 0.0
11 38 0.0
11 39 0.0
11 40 0.0
11 41 0.0
11 42 0.0
11 43 0.0
11 44 0.0
11 45 0.0
11 46 0.0
11 47 0.0
11 48 0.0
11 49 0.0
11 50 0.0
11 51 0.0
11 52 0.0
11 53 0.0
11 54 0.0
11 55 0.0
11 56 0.0
11 57 0.0
11 58 0.0
11 59 0.0
11 60 0.0
11 61 0.0
11 62 0.0
11 63 0.0
11 64 0.0
11 65 0.0
11 66 0.0
11 67 0.0
11 68 0.0
11 69 0.0
11 70 0.0
11 71 0.0
11 72 0.0
11 73 0.0
11 74 0.0
11 75 4.41631
11 76 0.0
11 77 0.0
11 78 0.0
11 79 0.0
11 80 5.08236
11 81 2.56254
12 13 0.0
12 14 0.0
12 15 0.0
12 16 0.0
12 17 0.0
12 18 0.0
12 19 3.24871
12 20 0.0
12 21 0.0
12 22 0.0
12 23 1.67898
12 24 0.0
12 25 0.0
12 26 0.0
12 27 0.0
12 28 0.0
12 29 0.0
12 30 0.0
12 31 0.0
12 32 0.0
12 33 0.0
12 34 0.0
12 35 0.0
12 36 0.0
12 37 0.0
12 38 0.0
12 39 0.0
12 40 0.0
12 41 0.0
12 42 0.0
12 43 0.0
12 44 0.0
12 45 0.0
12 46 0.0
12 47 0.0
12 48 0.0
12 49 0.0
12 50 0.0
12 51 0.0
12 52 0.0
12 53 0.0
12 54 0.0
12 55 0.0
12 56 0.0
12 57 0.0
12 58 0.0
12 59 0.0
12 60 0.0
12 61 0.0
12 62 0.0
12 63 0.0
12 64 0.0
12 65 0.0
12 66 0.0
12 67 0.0
12 68 0.0
12 69 0.0
12 70 0.0
12 71 0.0
12 72 0.0
12 73 0.0
12 74 0.0
12 75 0.0
12 76 2.23864
12 77 0.0
12 78 0.0
12 79 0.0
12 80 4.71205
12 81 3.32799
13 14 0.0
13 15 0.0
13 16 0.0
13 17 0.0
13 18 0.0
13 19 0.0
13 20 0.0
13 21 0.0
13 22 0.0
13 23 0.0
13 24 0.0
13 25 0.725708
13 26 0.0
13 27 0.0
13 28 0.0
13 29 0.0
13 30 0.0
13 31 0.0
13 32 0.0
13 33 0.0
13 34 0.725708
13 35 0.0
13 36 0.0
13 37 0.0
13 38 0.0
13 39 0.0
13 40 0.0
13 41 0.0
13 42 0.0
13 43 0.0
13 44 0.0
13 45 0.0
13 46 0.0
13 47 0.0
13 48 0.0
13 49 0.0
13 50 0.0
13 51 0.0
13 52 0.0
13 53 0.0
13 54 0.0
13 55 0.0
13 56 0.0
13 57 0.0
13 58 5.54927
13 59 0.0
13 60 0.0
13 61 1.67898
13 62 0.0
13 63 0.0
13 64 1.34413
13 65 1.67898
13 66 0.0
13 67 0.0
13 68 2.36664
13 69 3.5
13 70 13.2842
13 71 0.0
13 72 0.0
13 73 0.0
13 74 0.0
13 75 10.01
13 76 0.0
13 77 0.0
13 78 0.0
13 79 0.0
13 80 10.6481
13 81 8.81824
14 15 0.0
14 16 0.0
14 17 0.0
14 18 6.3369
14 19 0.0
14 20 0.0
14 21 0.0
14 22 0.0
14 23 0.0
14 24 5.50532
14 25 0.0
14 26 4.55825
14 27 0.0
14 28 3.15833
14 29 0.0
14 30 0.0
14 31 0.725708
14 32 0.0
14 33 0.0
14 34 5.38218
14 35 0.0
14 36 0.0
14 37 0.725708
14 38 0.0
14 39 0.0
14 40 0.0
14 41 0.0
14 42 0.0
14 43 0.0
14 44 6.81352
14 45 0.0
14 46 0.0
14 47 0.0
14 48 0.0
14 49 0.0
14 50 7.04467
14 51 4.67452
14 52 0.0
14 53 0.0
14 54 0.0
14 55 5.13086
14 56 3.61176
14 57 0.0
14 58 6.7399
14 59 0.0
14 60 0.0
14 61 0.0
14 62 0.0
14 63 0.0
14 64 0.0
14 65 0.0
14 66 4.94169
14 67 5.32465
14 68 0.0
14 69 0.0
14 70 0.0
14 71 0.0
14 72 0.0
14 73 0.0
14 74 0.0
14 75 0.0
14 76 0.0
14 77 0.0
14 78 0.0
14 79 0.0
14 80 0.0
14 81 0.0
15 16 0.0
15 17 0.0
15 18 0.0
15 19 1.67898
15 20 0.0
15 21 0.0
15 22 0.0
15 23 1.34413
15 24 0.0
15 25 8.71654
15 26 0.0
15 27 8.83546
15 28 0.0
15 29 0.0
15 30 0.0
15 31 0.0
15 32 7.85464
15 33 0.0
15 34 0.0
15 35 0.0
15 36 1.34413
15 37 0.0
15 38 0.0
15 39 0.0
15 40 0.0
15 41 0.0
15 42 0.0
15 43 0.0
15 44 0.0
15 45 0.0
15 46 0.0
15 47 0.0
15 48 0.0
15 49 0.0
15 50 0.0
15 51 0.0
15 52 0.0
15 53 0.0
15 54 0.0
15 55 0.0
15 56 0.0
15 57 0.0
15 58 0.0
15 59 0.0
15 60 0.0
15 61 0.0
15 62 0.0
15 63 0.0
15 64 0.0
15 65 1.95501
15 66 0.0
15 67 0.0
15 68 0.0
15 69 0.0
15 70 0.0
15 71 0.0
15 72 0.0
15 73 0.0
15 74 0.0
15 75 0.0
15 76 2.60667
15 77 0.0
15 78 0.0
15 79 0.0
15 80 2.23864
15 81 0.0
16 17 0.0
16 18 0.0
16 19 0.0
16 20 0.0
16 21 0.0
16 22 0.0
16 23 0.0
16 24 0.0
16 25 0.0
16 26 0.0
16 27 0.0
16 28 0.0
16 29 0.0
16 30 0.0
16 31 0.0
16 32 0.0
16 33 0.0
16 34 0.0
16 35 0.0
16 36 1.34413
16 37 0.0
16 38 0.0
16 39 0.0
16 40 0.0
16 41 0.0
16 42 0.0
16 43 0.0
16 44 0.0
16 45 0.0
16 46 0.0
16 47 0.0
16 48 0.0
16 49 0.0
16 50 0.0
16 51 0.0
16 52 0.0
16 53 0.0
16 54 0.0
16 55 0.0
16 56 0.0
16 57 0.0
16 58 0.0
16 59 0.0
16 60 0.0
16 61 0.0
16 62 0.0
16 63 0.0
16 64 0.0
16 65 0.0
16 66 0.0
16 67 0.0
16 68 0.0
16 69 0.0
16 70 0.0
16 71 0.0
16 72 0.0
16 73 0.0
16 74 0.0
16 75 0.0
16 76 0.0
16 77 0.0
16 78 0.0
16 79 0.0
16 80 0.0
16 81 1.34413
17 18 0.0
17 19 0.0
17 20 0.0
17 21 0.0
17 22 0.0
17 23 0.0
17 24 0.0
17 25 0.0
17 26 3.60573
17 27 0.0
17 28 0.725708
17 29 0.0
17 30 0.0
17 31 0.0
17 32 0.0
17 33 0.0
17 34 1.34413
17 35 0.0
17 36 0.0
17 37 0.0
17 38 0.0
17 39 0.0
17 40 5.04837
17 41 1.95501
17 42 0.0
17 43 0.0
17 44 0.0
17 45 0.0
17 46 0.0
17 47 0.0
17 48 0.0
17 49 0.0
17 50 0.0
17 51 0.0
17 52 0.0
17 53 0.0
17 54 0.0
17 55 0.725708
17 56 0.0
17 57 0.0
17 58 0.0
17 59 0.0
17 60 0.0
17 61 0.0
17 62 0.0
17 63 0.0
17 64 0.0
17 65 0.0
17 66 0.0
17 67 0.0
17 68 0.0
17 69 0.0
17 70 0.0
17 71 0.0
17 72 0.0
17 73 0.0
17 74 0.0
17 75 0.0
17 76 0.0
17 77 0.0
17 78 0.0
17 79 0.0
17 80 0.0
17 81 0.725708
18 19 11.9293
18 20 0.0
18 21 0.0
18 22 0.0
18 23 8.44035
18 24 0.0
18 25 0.0
18 26 0.0
18 27 1.34413
18 28 0.0
18 29 0.0
18 30 0.0
18 31 0.0
18 32 0.0
18 33 0.0
18 34 0.0
18 35 0.0
18 36 0.0
18 37 0.0
18 38 0.0
18 39 0.0
18 40 0.0
18 41 0.0
18 42 0.0
18 43 0.0
18 44 0.0
18 45 0.0
18 46 0.0
18 47 0.0
18 48 0.0
18 49 0.0
18 50 0.0
18 51 0.0
18 52 0.0
18 53 0.0
18 54 0.0
18 55 0.0
18 56 0.0
18 57 0.0
18 58 0.0
18 59 0.0
18 60 0.0
18 61 0.0
18 62 0.0
18 63 0.0
18 64 0.0
18 65 0.0
18 66 0.0
18 67 0.0
18 68 0.0
18 69 0.0
18 70 0.0
18 71 0.0
18 72 2.02439
18 73 0.0
18 74 0.0
18 75 9.30875
18 76 11.0884
18 77 6.46191
18 78 0.0
18 79 0.0
18 80 8.95052
18 81 17.5622
19 20 3.32799
19 21 3.86652
19 22 0.0
19 23 0.0
19 24 8.46664
19 25 0.0
19 26 18.1851
19 27 0.0
19 28 6.13068
19 29 0.0
19 30 0.0
19 31 0.0
19 32 0.0
19 33 0.725708
19 34 0.0
19 35 0.0
19 36 3.15833
19 37 0.725708
19 38 0.0
19 39 0.0
19 40 1.34413
19 41 0.725708
19 42 0.0
19 43 0.0
19 44 0.0
19 45 0.0
19 46 0.0
19 47 0.0
19 48 0.0
19 49 0.0
19 50 3.78999
19 51 0.0
19 52 0.0
19 53 1.34413
19 54 0.0
19 55 1.34413
19 56 0.0
19 57 0.0
19 58 1.34413
19 59 0.0
19 60 0.0
19 61 0.0
19 62 0.0
19 63 0.0
19 64 0.0
19 65 0.0
19 66 0.725708
19 67 0.725708
19 68 0.0
19 69 0.0
19 70 0.0
19 71 3.76349
19 72 0.0
19 73 0.0
19 74 0.0
19 75 0.0
19 76 8.55773
19 77 9.95268
19 78 0.0
19 79 9.83415
19 80 10.2947
19 81 9.71339
20 21 0.0
20 22 0.0
20 23 3.41124
20 24 0.0
20 25 0.0
20 26 0.0
20 27 0.0
20 28 0.0
20 29 0.0
20 30 0.0
20 31 0.0
20 32 0.0
20 33 0.0
20 34 0.0
20 35 0.0
20 36 0.0
20 37 0.0
20 38 0.0
20 39 0.0
20 40 0.0
20 41 0.0
20 42 0.0
20 43 0.0
20 44 0.0
20 45 0.0
20 46 0.0
20 47 0.0
20 48 0.0
20 49 0.0
20 50 0.0
20 51 0.0
20 52 0.0
20 53 0.0
20 54 0.0
20 55 0.0
20 56 0.0
20 57 0.0
20 58 0.0
20 59 0.0
20 60 0.0
20 61 0.0
20 62 0.0
20 63 0.0
20 64 0.0
20 65 0.0
20 66 0.0
20 67 0.0
20 68 0.0
20 69 0.0
20 70 0.0
20 71 0.0
20 72 0.0
20 73 0.0
20 74 0.0
20 75 0.0
20 76 0.0
20 77 0.0
20 78 0.0
20 79 0.0
20 80 0.0
20 81 0.0
21 22 0.0
21 23 2.79967
21 24 0.0
21 25 0.0
21 26 1.139
21 27 0.0
21 28 0.725708
21 29 0.0
21 30 0.0
21 31 6.76581
21 32 0.0
21 33 9.90599
21 34 11.1335
21 35 17.0391
21 36 16.6946
21 37 0.0
21 38 0.0
21 39 0.0
21 40 0.0
21 41 0.0
21 42 0.0
21 43 0.0
21 44 0.0
21 45 0.0
21 46 0.0
21 47 0.0
21 48 0.0
21 49 0.0
21 50 0.0
21 51 0.0
21 52 0.0
21 53 0.0
21 54 0.0
21 55 0.0
21 56 0.0
21 57 0.0
21 58 0.0
21 59 0.0
21 60 0.0
21 61 0.0
21 62 0.0
21 63 0.0
21 64 0.0
21 65 0.0
21 66 0.0
21 67 0.0
21 68 0.0
21 69 0.0
21 70 0.0
21 71 0.0
21 72 0.0
21 73 0.0
21 74 0.0
21 75 0.0
21 76 1.34413
21 77 0.0
21 78 0.0
21 79 0.0
21 80 0.0
21 81 0.0
22 23 0.0
22 24 0.0
22 25 0.0
22 26 0.0
22 27 0.0
22 28 0.0
22 29 0.0
22 30 0.0
22 31 0.0
22 32 0.0
22 33 0.0
22 34 0.0
22 35 0.0
22 36 0.0
22 37 0.0
22 38 0.0
22 39 0.0
22 40 0.0
22 41 0.0
22 42 0.0
22 43 0.0
22 44 0.0
22 45 0.0
22 46 0.0
22 47 0.0
22 48 0.0
22 49 0.0
22 50 0.0
22 51 0.0
22 52 0.0
22 53 0.0
22 54 0.0
22 55 0.0
22 56 0.0
22 57 0.0
22 58 0.0
22 59 0.0
22 60 0.0
22 61 0.0
22 62 0.0
22 63 0.0
22 64 0.0
22 65 0.0
22 66 0.0
22 67 0.0
22 68 0.0
22 69 0.0
22 70 0.0
22 71 0.0
22 72 0.0
22 73 0.0
22 74 0.0
22 75 0.0
22 76 0.0
22 77 0.0
22 78 0.0
22 79 0.725708
22 80 0.0
22 81 0.0
23 24 7.23012
23 25 0.0
23 26 10.0343
23 27 0.0
23 28 3.96096
23 29 0.0
23 30 0.0
23 31 0.0
23 32 0.0
23 33 1.67898
23 34 0.0
23 35 0.0
23 36 1.34413
23 37 0.725708
23 38 0.0
23 39 0.0
23 40 3.15833
23 41 1.34413
23 42 0.0
23 43 0.0
23 44 0.0
23 45 0.0
23 46 0.0
23 47 0.0
23 48 0.0
23 49 0.0
23 50 3.55536
23 51 0.0
23 52 0.0
23 53 0.725708
23 54 0.0
23 55 1.95501
23 56 0.0
23 57 0.0
23 58 2.23864
23 59 0.0
23 60 0.0
23 61 0.0
23 62 0.0
23 63 0.0
23 64 0.0
23 65 0.0
23 66 0.725708
23 67 0.0
23 68 0.0
23 69 0.0
23 70 0.0
23 71 2.21637
23 72 0.0
23 73 0.0
23 74 0.0
23 75 0.0
23 76 8.18091
23 77 6.91819
23 78 0.0
23 79 7.37179
23 80 9.11695
23 81 6.67615
24 25 0.0
24 26 0.0
24 27 0.0
24 28 0.0
24 29 0.0
24 30 0.0
24 31 0.0
24 32 0.0
24 33 0.0
24 34 0.0
24 35 0.0
24 36 0.0
24 37 0.0
24 38 0.0
24 39 0.0
24 40 0.0
24 41 0.0
24 42 0.0
24 43 0.0
24 44 0.0
24 45 1.34413
24 46 0.0
24 47 0.0
24 48 0.0
24 49 0.0
24 50 0.0
24 51 0.0
24 52 0.0
24 53 0.0
24 54 0.0
24 55 0.0
24 56 0.0
24 57 0.0
24 58 0.0
24 59 0.0
24 60 0.0
24 61 0.0
24 62 0.0
24 63 0.0
24 64 0.0
24 65 0.0
24 66 0.0
24 67 0.0
24 68 0.0
24 69 0.0
24 70 0.0
24 71 0.0
24 72 0.725708
24 73 0.0
24 74 0.0
24 75 6.76423
24 76 8.63107
24 77 5.79899
24 78 0.0
24 79 0.0
24 80 9.29957
24 81 6.82003
25 26 8.31067
25 27 0.0
25 28 5.18297
25 29 7.31549
25 30 0.0
25 31 7.7962
25 32 0.0
25 33 0.0
25 34 0.0
25 35 0.0
25 36 2.56254
25 37 0.0
25 38 0.0
25 39 0.0
25 40 1.95501
25 41 0.0
25 42 0.0
25 43 0.0
25 44 0.0
25 45 0.0
25 46 0.0
25 47 0.0
25 48 0.0
25 49 0.0
25 50 0.0
25 51 0.0
25 52 0.0
25 53 0.0
25 54 0.0
25 55 0.0
25 56 0.0
25 57 0.0
25 58 0.0
25 59 6.9687
25 60 0.0
25 61 0.0
25 62 7.08697
25 63 0.0
25 64 0.0
25 65 0.0
25 66 0.0
25 67 0.0
25 68 0.0
25 69 0.0
25 70 0.0
25 71 0.0
25 72 0.0
25 73 0.0
25 74 0.0
25 75 0.0
25 76 12.7787
25 77 7.995
25 78 0.0
25 79 9.61261
25 80 11.1907
25 81 13.3387
26 27 5.25714
26 28 0.0
26 29 0.0
26 30 0.0
26 31 0.0
26 32 0.725708
26 33 0.0
26 34 0.0
26 35 0.0
26 36 0.0
26 37 0.0
26 38 0.0
26 39 22.3489
26 40 0.0
26 41 0.0
26 42 0.0
26 43 0.0
26 44 0.0
26 45 0.0
26 46 0.0
26 47 0.0
26 48 0.0
26 49 0.0
26 50 0.0
26 51 0.0
26 52 0.0
26 53 0.0
26 54 0.0
26 55 0.0
26 56 0.0
26 57 0.0
26 58 0.725708
26 59 0.0
26 60 0.0
26 61 0.0
26 62 0.0
26 63 0.0
26 64 0.0
26 65 0.0
26 66 0.0
26 67 0.0
26 68 0.0
26 69 1.34413
26 70 0.0
26 71 0.0
26 72 4.7869
26 73 0.0
26 74 0.0
26 75 0.0
26 76 3.85357
26 77 2.79896
26 78 0.0
26 79 0.0
26 80 4.92266
26 81 3.15833
27 28 2.23864
27 29 6.15378
27 30 0.0
27 31 4.17242
27 32 0.0
27 33 0.0
27 34 0.0
27 35 0.0
27 36 0.0
27 37 0.0
27 38 0.0
27 39 0.0
27 40 0.0
27 41 0.0
27 42 0.0
27 43 0.0
27 44 0.0
27 45 0.0
27 46 0.0
27 47 0.0
27 48 0.0
27 49 0.0
27 50 0.0
27 51 0.0
27 52 0.0
27 53 0.0
27 54 0.0
27 55 0.0
27 56 0.0
27 57 0.0
27 58 0.0
27 59 3.7813
27 60 0.0
27 61 0.0
27 62 3.61176
27 63 0.0
27 64 0.0
27 65 0.0
27 66 0.0
27 67 0.0
27 68 0.0
27 69 0.0
27 70 0.0
27 71 0.0
27 72 0.0
27 73 0.0
27 74 0.0
27 75 0.0
27 76 4.94222
27 77 6.39608
27 78 0.0
27 79 6.74308
27 80 8.53321
27 81 11.0717
28 29 0.0
28 30 0.0
28 31 0.0
28 32 0.0
28 33 0.0
28 34 0.0
28 35 0.0
28 36 0.0
28 37 0.0
28 38 0.0
28 39 27.7424
28 40 0.0
28 41 0.0
28 42 0.0
28 43 0.0
28 44 0.0
28 45 0.0
28 46 0.0
28 47 0.0
28 48 0.0
28 49 0.0
28 50 0.0
28 51 0.0
28 52 0.0
28 53 0.0
28 54 0.0
28 55 0.0
28 56 0.0
28 57 0.0
28 58 0.725708
28 59 0.0
28 60 0.0
28 61 0.0
28 62 0.0
28 63 0.0
28 64 0.0
28 65 0.0
28 66 0.0
28 67 0.0
28 68 0.0
28 69 1.34413
28 70 0.0
28 71 0.0
28 72 1.95501
28 73 0.0
28 74 0.0
28 75 0.0
28 76 1.139
28 77 1.34413
28 78 0.0
28 79 0.0
28 80 2.52562
28 81 0.0
29 30 0.0
29 31 0.0
29 32 5.2366
29 33 5.23051
29 34 0.0
29 35 0.0
29 36 0.0
29 37 0.0
29 38 0.0
29 39 0.0
29 40 0.0
29 41 0.0
29 42 0.0
29 43 0.0
29 44 0.0
29 45 0.0
29 46 0.0
29 47 0.0
29 48 0.0
29 49 0.0
29 50 0.0
29 51 0.0
29 52 0.0
29 53 0.0
29 54 0.0
29 55 0.0
29 56 0.0
29 57 0.0
29 58 0.0
29 59 0.0
29 60 0.0
29 61 0.0
29 62 0.0
29 63 0.0
29 64 0.0
29 65 0.0
29 66 0.0
29 67 0.0
29 68 0.0
29 69 0.0
29 70 0.0
29 71 0.0
29 72 0.0
29 73 0.0
29 74 0.0
29 75 0.0
29 76 0.0
29 77 0.0
29 78 0.0
29 79 0.0
29 80 0.0
29 81 0.0
30 31 0.0
30 32 0.0
30 33 0.0
30 34 0.0
30 35 0.0
30 36 0.0
30 37 0.0
30 38 0.0
30 39 0.0
30 40 0.0
30 41 0.0
30 42 0.0
30 43 0.0
30 44 0.0
30 45 0.0
30 46 0.0
30 47 0.0
30 48 0.0
30 49 0.0
30 50 0.0
30 51 0.0
30 52 0.0
30 53 0.0
30 54 0.0
30 55 0.0
30 56 0.0
30 57 0.0
30 58 0.0
30 59 0.0
30 60 0.0
30 61 0.0
30 62 0.0
30 63 0.0
30 64 0.0
30 65 0.0
30 66 0.0
30 67 0.0
30 68 0.0
30 69 0.0
30 70 0.0
30 71 0.0
30 72 0.0
30 73 0.0
30 74 0.0
30 75 0.0
30 76 3.99367
30 77 3.11438
30 78 0.0
30 79 6.25998
30 80 7.26797
30 81 5.78036
31 32 4.1714
31 33 0.0
31 34 0.0
31 35 0.725708
31 36 0.0
31 37 0.0
31 38 0.0
31 39 18.6268
31 40 0.0
31 41 0.0
31 42 0.0
31 43 0.0
31 44 0.0
31 45 0.0
31 46 0.0
31 47 0.0
31 48 0.0
31 49 0.0
31 50 0.0
31 51 0.0
31 52 0.0
31 53 0.0
31 54 0.0
31 55 6.67197
31 56 0.0
31 57 0.0
31 58 0.0
31 59 0.0
31 60 0.0
31 61 0.0
31 62 0.0
31 63 0.0
31 64 0.0
31 65 0.0
31 66 0.0
31 67 0.0
31 68 0.0
31 69 0.0
31 70 0.0
31 71 0.0
31 72 0.0
31 73 0.0
31 74 0.0
31 75 0.725708
31 76 0.0
31 77 0.725708
31 78 0.0
31 79 0.0
31 80 4.61257
31 81 3.24695
32 33 4.84726
32 34 0.0
32 35 2.70882
32 36 1.34413
32 37 0.0
32 38 0.0
32 39 0.0
32 40 0.0
32 41 0.0
32 42 0.0
32 43 0.0
32 44 0.0
32 45 0.0
32 46 0.0
32 47 0.0
32 48 0.0
32 49 0.0
32 50 0.0
32 51 0.0
32 52 0.0
32 53 0.0
32 54 0.0
32 55 0.0
32 56 0.0
32 57 0.0
32 58 0.0
32 59 0.0
32 60 0.0
32 61 0.0
32 62 0.0
32 63 0.0
32 64 0.0
32 65 0.0
32 66 0.0
32 67 0.0
32 68 0.0
32 69 0.0
32 70 0.0
32 71 0.0
32 72 0.0
32 73 0.0
32 74 0.0
32 75 0.0
32 76 2.23864
32 77 3.8192
32 78 0.0
32 79 3.81199
32 80 3.55536
32 81 2.8475
33 34 0.0
33 35 0.0
33 36 0.0
33 37 0.0
33 38 0.0
33 39 4.4006
33 40 0.0
33 41 0.0
33 42 0.0
33 43 0.0
33 44 0.0
33 45 0.0
33 46 0.0
33 47 0.0
33 48 0.0
33 49 0.0
33 50 0.0
33 51 0.0
33 52 0.0
33 53 0.0
33 54 0.0
33 55 0.0
33 56 0.0
33 57 0.0
33 58 0.0
33 59 0.0
33 60 0.0
33 61 0.0
33 62 0.0
33 63 0.0
33 64 0.0
33 65 0.0
33 66 0.0
33 67 0.0
33 68 0.0
33 69 0.0
33 70 0.0
33 71 0.0
33 72 0.0
33 73 0.0
33 74 0.0
33 75 0.0
33 76 0.0
33 77 0.0
33 78 0.0
33 79 1.34413
33 80 2.36664
33 81 2.23864
34 35 0.0
34 36 0.0
34 37 0.0
34 38 0.0
34 39 0.0
34 40 0.0
34 41 0.0
34 42 0.0
34 43 0.0
34 44 0.0
34 45 0.0
34 46 5.01407
34 47 0.0
34 48 0.0
34 49 0.0
34 50 0.0
34 51 3.24695
34 52 0.0
34 53 1.95501
34 54 0.0
34 55 21.8642
34 56 0.0
34 57 0.0
34 58 5.05131
34 59 0.0
34 60 0.0
34 61 1.67898
34 62 0.0
34 63 0.0
34 64 1.95501
34 65 0.725708
34 66 3.99367
34 67 1.34413
34 68 0.725708
34 69 3.5
34 70 13.5071
34 71 0.0
34 72 0.0
34 73 0.0
34 74 0.0
34 75 0.0
34 76 2.60667
34 77 0.0
34 78 0.0
34 79 0.0
34 80 0.0
34 81 0.0
35 36 0.0
35 37 0.0
35 38 0.0
35 39 5.85726
35 40 0.725708
35 41 0.0
35 42 0.0
35 43 0.0
35 44 0.0
35 45 0.0
35 46 0.0
35 47 0.0
35 48 0.0
35 49 0.0
35 50 0.0
35 51 0.0
35 52 0.0
35 53 0.0
35 54 0.0
35 55 0.0
35 56 0.0
35 57 0.0
35 58 0.0
35 59 0.0
35 60 0.0
35 61 0.0
35 62 0.0
35 63 0.0
35 64 0.0
35 65 0.0
35 66 0.0
35 67 0.0
35 68 0.0
35 69 0.0
35 70 0.0
35 71 0.0
35 72 0.0
35 73 0.0
35 74 0.0
35 75 0.0
35 76 0.725708
35 77 1.34413
35 78 0.0
35 79 0.0
35 80 0.0
35 81 0.0
36 37 0.0
36 38 0.0
36 39 3.80645
36 40 0.0
36 41 0.0
36 42 0.0
36 43 0.0
36 44 0.0
36 45 0.0
36 46 0.0
36 47 0.0
36 48 0.0
36 49 0.0
36 50 0.0
36 51 0.0
36 52 0.0
36 53 0.0
36 54 0.0
36 55 0.0
36 56 0.0
36 57 0.0
36 58 0.0
36 59 0.0
36 60 0.0
36 61 0.0
36 62 0.0
36 63 0.0
36 64 0.0
36 65 0.0
36 66 0.0
36 67 0.0
36 68 0.0
36 69 0.0
36 70 10.2072
36 71 0.0
36 72 0.0
36 73 0.0
36 74 0.0
36 75 0.0
36 76 2.89949
36 77 3.7813
36 78 0.0
36 79 4.41052
36 80 5.17873
36 81 4.81433
37 38 0.0
37 39 0.0
37 40 0.0
37 41 0.0
37 42 0.0
37 43 0.0
37 44 0.0
37 45 0.0
37 46 0.0
37 47 0.0
37 48 0.0
37 49 0.0
37 50 0.0
37 51 0.0
37 52 0.0
37 53 0.0
37 54 0.0
37 55 0.0
37 56 0.0
37 57 0.0
37 58 0.0
37 59 0.0
37 60 0.0
37 61 0.0
37 62 0.0
37 63 0.0
37 64 0.0
37 65 0.0
37 66 0.0
37 67 0.0
37 68 0.0
37 69 0.0
37 70 0.0
37 71 0.0
37 72 0.0
37 73 0.0
37 74 0.0
37 75 3.77972
37 76 5.77297
37 77 2.70328
37 78 0.0
37 79 0.0
37 80 3.9746
37 81 0.0
38 39 0.0
38 40 0.0
38 41 0.0
38 42 0.0
38 43 0.0
38 44 0.0
38 45 0.0
38 46 0.0
38 47 0.0
38 48 0.0
38 49 0.0
38 50 0.0
38 51 0.0
38 52 0.0
38 53 0.0
38 54 0.0
38 55 0.0
38 56 0.0
38 57 0.0
38 58 0.0
38 59 0.0
38 60 0.0
38 61 0.0
38 62 0.0
38 63 0.0
38 64 0.0
38 65 0.0
38 66 0.0
38 67 0.0
38 68 0.0
38 69 0.0
38 70 0.0
38 71 0.0
38 72 0.0
38 73 0.0
38 74 0.0
38 75 0.0
38 76 0.0
38 77 0.0
38 78 0.0
38 79 0.0
38 80 0.0
38 81 0.0
39 40 0.0
39 41 0.0
39 42 0.0
39 43 0.0
39 44 0.0
39 45 0.0
39 46 0.0
39 47 0.0
39 48 0.0
39 49 0.0
39 50 0.0
39 51 0.0
39 52 0.0
39 53 0.0
39 54 0.0
39 55 0.0
39 56 0.0
39 57 0.0
39 58 0.0
39 59 0.0
39 60 0.0
39 61 0.0
39 62 0.0
39 63 0.0
39 64 0.0
39 65 0.0
39 66 0.0
39 67 0.0
39 68 0.0
39 69 0.0
39 70 0.0
39 71 0.0
39 72 0.0
39 73 0.0
39 74 0.0
39 75 0.0
39 76 0.0
39 77 0.0
39 78 0.0
39 79 0.0
39 80 0.0
39 81 0.0
40 41 0.0
40 42 0.0
40 43 0.0
40 44 0.0
40 45 0.0
40 46 0.0
40 47 0.0
40 48 0.0
40 49 0.0
40 50 0.0
40 51 0.0
40 52 0.0
40 53 0.0
40 54 0.0
40 55 0.0
40 56 0.0
40 57 0.0
40 58 0.0
40 59 0.0
40 60 0.0
40 61 0.0
40 62 0.0
40 63 0.0
40 64 0.0
40 65 0.0
40 66 0.0
40 67 0.0
40 68 0.0
40 69 0.0
40 70 0.0
40 71 0.0
40 72 0.0
40 73 0.0
40 74 0.0
40 75 6.40486
40 76 9.08706
40 77 2.23864
40 78 0.0
40 79 0.0
40 80 2.23864
40 81 3.41124
41 42 0.0
41 43 0.0
41 44 0.0
41 45 0.0
41 46 0.0
41 47 0.0
41 48 0.0
41 49 0.0
41 50 0.0
41 51 0.0
41 52 0.0
41 53 0.0
41 54 0.0
41 55 0.0
41 56 0.0
41 57 0.0
41 58 0.0
41 59 0.0
41 60 0.0
41 61 0.0
41 62 0.0
41 63 0.0
41 64 0.0
41 65 0.0
41 66 0.0
41 67 0.0
41 68 0.0
41 69 0.0
41 70 0.0
41 71 0.0
41 72 0.0
41 73 0.0
41 74 0.0
41 75 0.0
41 76 2.02439
41 77 0.0
41 78 0.0
41 79 0.0
41 80 0.0
41 81 0.0
42 43 0.0
42 44 0.0
42 45 0.0
42 46 0.0
42 47 0.0
42 48 0.0
42 49 0.0
42 50 0.0
42 51 0.0
42 52 0.0
42 53 0.0
42 54 0.0
42 55 0.0
42 56 0.0
42 57 0.0
42 58 0.0
42 59 0.0
42 60 0.0
42 61 0.0
42 62 0.0
42 63 0.0
42 64 0.0
42 65 0.0
42 66 0.0
42 67 0.0
42 68 0.0
42 69 0.0
42 70 0.0
42 71 0.0
42 72 0.0
42 73 0.0
42 74 0.0
42 75 6.49265
42 76 0.0
42 77 0.0
42 78 0.0
42 79 0.0
42 80 2.56254
42 81 6.41019
43 44 5.8787
43 45 0.0
43 46 0.0
43 47 0.0
43 48 0.0
43 49 0.0
43 50 0.0
43 51 0.0
43 52 0.0
43 53 0.0
43 54 0.0
43 55 0.0
43 56 0.725708
43 57 0.0
43 58 0.0
43 59 0.0
43 60 0.0
43 61 0.0
43 62 0.0
43 63 0.0
43 64 0.0
43 65 0.0
43 66 0.0
43 67 0.0
43 68 0.0
43 69 0.0
43 70 0.0
43 71 0.0
43 72 0.0
43 73 0.0
43 74 0.0
43 75 0.0
43 76 0.0
43 77 0.0
43 78 0.0
43 79 0.0
43 80 0.0
43 81 0.0
44 45 0.0
44 46 0.0
44 47 0.0
44 48 0.0
44 49 4.80298
44 50 6.98335
44 51 4.68838
44 52 0.725708
44 53 2.23864
44 54 0.0
44 55 0.0
44 56 0.0
44 57 0.0
44 58 6.09537
44 59 0.0
44 60 0.0
44 61 3.5
44 62 0.0
44 63 0.0
44 64 3.44545
44 65 3.8192
44 66 2.23864
44 67 2.89989
44 68 1.67898
44 69 5.13086
44 70 0.0
44 71 0.0
44 72 0.0
44 73 0.0
44 74 0.0
44 75 6.65043
44 76 12.5516
44 77 7.98275
44 78 0.0
44 79 0.0
44 80 7.61212
44 81 6.50517
45 46 0.0
45 47 2.70882
45 48 2.21871
45 49 4.8577
45 50 9.9024
45 51 7.51962
45 52 4.4006
45 53 0.0
45 54 0.0
45 55 0.0
45 56 5.05131
45 57 0.0
45 58 6.7679
45 59 0.0
45 60 12.4504
45 61 9.30959
45 62 0.0
45 63 6.39965
45 64 0.0
45 65 0.0
45 66 0.0
45 67 0.0
45 68 4.6412
45 69 9.03229
45 70 0.0
45 71 0.0
45 72 0.0
45 73 0.0
45 74 0.0
45 75 0.0
45 76 0.0
45 77 0.0
45 78 0.0
45 79 9.78338
45 80 11.0221
45 81 10.64
46 47 3.11438
46 48 6.77205
46 49 11.7877
46 50 22.215
46 51 9.14696
46 52 6.04859
46 53 0.0
46 54 0.0
46 55 0.0
46 56 0.0
46 57 0.0
46 58 15.95
46 59 0.0
46 60 18.2422
46 61 22.1864
46 62 0.0
46 63 6.77553
46 64 0.0
46 65 0.0
46 66 0.725708
46 67 0.0
46 68 9.16609
46 69 18.567
46 70 0.0
46 71 0.0
46 72 0.0
46 73 0.0
46 74 0.0
46 75 0.0
46 76 0.0
46 77 0.0
46 78 0.0
46 79 0.0
46 80 0.0
46 81 0.0
47 48 0.0
47 49 0.0
47 50 0.0
47 51 0.0
47 52 0.0
47 53 0.0
47 54 0.0
47 55 0.0
47 56 0.0
47 57 0.0
47 58 0.0
47 59 0.0
47 60 0.0
47 61 0.0
47 62 0.0
47 63 0.0
47 64 0.0
47 65 0.0
47 66 0.0
47 67 0.0
47 68 0.0
47 69 0.0
47 70 3.86652
47 71 0.0
47 72 0.0
47 73 0.0
47 74 0.0
47 75 0.0
47 76 1.34413
47 77 2.70882
47 78 0.0
47 79 3.05544
47 80 1.95501
47 81 1.34413
48 49 0.0
48 50 0.0
48 51 0.0
48 52 0.0
48 53 0.0
48 54 0.0
48 55 0.0
48 56 0.0
48 57 0.0
48 58 0.0
48 59 0.0
48 60 0.0
48 61 0.0
48 62 0.0
48 63 0.0
48 64 0.0
48 65 0.0
48 66 0.0
48 67 0.0
48 68 0.0
48 69 0.0
48 70 11.2012
48 71 0.0
48 72 0.0
48 73 0.0
48 74 0.0
48 75 0.0
48 76 2.23864
48 77 1.34413
48 78 0.0
48 79 2.89989
48 80 2.89949
48 81 2.70882
49 50 1.95501
49 51 0.0
49 52 0.0
49 53 0.0
49 54 0.0
49 55 0.725708
49 56 5.96463
49 57 0.0
49 58 0.0
49 59 0.0
49 60 0.0
49 61 0.0
49 62 0.0
49 63 0.0
49 64 0.0
49 65 0.0
49 66 0.0
49 67 5.04531
49 68 0.0
49 69 0.0
49 70 10.1464
49 71 0.0
49 72 0.0
49 73 0.0
49 74 0.0
49 75 0.0
49 76 3.05544
49 77 2.70882
49 78 0.0
49 79 2.56254
49 80 4.53839
49 81 1.67898
50 51 5.69594
50 52 4.37923
50 53 0.0
50 54 0.0
50 55 17.5145
50 56 7.67708
50 57 1.34413
50 58 8.82921
50 59 1.34413
50 60 0.0
50 61 0.0
50 62 0.0
50 63 0.0
50 64 0.0
50 65 0.0
50 66 0.0
50 67 5.8096
50 68 0.0
50 69 0.0
50 70 14.9828
50 71 0.0
50 72 0.0
50 73 0.0
50 74 0.0
50 75 1.34413
50 76 3.8192
50 77 4.40409
50 78 0.0
50 79 2.23864
50 80 0.725708
50 81 1.34413
51 52 0.0
51 53 3.8192
51 54 0.0
51 55 10.5661
51 56 0.0
51 57 1.95501
51 58 0.0
51 59 0.725708
51 60 0.0
51 61 0.0
51 62 0.0
51 63 0.0
51 64 0.0
51 65 0.0
51 66 0.0
51 67 0.0
51 68 0.0
51 69 0.0
51 70 9.1971
51 71 0.0
51 72 0.0
51 73 0.0
51 74 0.0
51 75 0.0
51 76 1.34413
51 77 1.67898
51 78 0.0
51 79 1.139
51 80 0.725708
51 81 1.95501
52 53 0.0
52 54 0.0
52 55 0.0
52 56 6.52647
52 57 0.0
52 58 0.0
52 59 0.0
52 60 0.0
52 61 0.0
52 62 0.0
52 63 0.0
52 64 0.0
52 65 0.0
52 66 0.0
52 67 5.44571
52 68 2.56254
52 69 0.0
52 70 3.73727
52 71 0.0
52 72 0.0
52 73 0.0
52 74 0.0
52 75 0.0
52 76 3.61176
52 77 3.7813
52 78 0.0
52 79 0.0
52 80 0.0
52 81 1.95501
53 54 0.0
53 55 16.7331
53 56 6.40769
53 57 0.0
53 58 0.0
53 59 0.0
53 60 0.0
53 61 0.0
53 62 0.0
53 63 0.0
53 64 0.0
53 65 0.0
53 66 0.0
53 67 1.34413
53 68 1.34413
53 69 0.0
53 70 0.725708
53 71 0.0
53 72 0.0
53 73 0.0
53 74 0.0
53 75 0.0
53 76 0.0
53 77 0.0
53 78 0.0
53 79 0.0
53 80 0.0
53 81 0.0
54 55 0.0
54 56 0.0
54 57 0.0
54 58 0.0
54 59 0.0
54 60 0.0
54 61 0.0
54 62 0.0
54 63 0.0
54 64 0.0
54 65 0.0
54 66 0.0
54 67 0.0
54 68 0.0
54 69 0.0
54 70 0.0
54 71 0.0
54 72 0.0
54 73 0.0
54 74 0.0
54 75 0.0
54 76 8.08353
54 77 0.0
54 78 0.0
54 79 0.0
54 80 0.0
54 81 0.0
55 56 0.0
55 57 0.0
55 58 6.93033
55 59 0.0
55 60 0.725708
55 61 1.67898
55 62 0.0
55 63 0.0
55 64 0.0
55 65 0.0
55 66 9.0294
55 67 10.0343
55 68 0.0
55 69 0.0
55 70 0.0
55 71 0.0
55 72 6.96691
55 73 0.0
55 74 2.23864
55 75 0.0
55 76 0.0
55 77 0.0
55 78 0.0
55 79 0.0
55 80 0.0
55 81 0.0
56 57 0.0
56 58 1.95501
56 59 0.0
56 60 0.0
56 61 3.5
56 62 0.0
56 63 0.0
56 64 3.1085
56 65 3.24695
56 66 0.0
56 67 4.97718
56 68 4.95859
56 69 3.05544
56 70 0.0
56 71 0.0
56 72 0.0
56 73 0.0
56 74 0.0
56 75 0.0
56 76 0.0
56 77 0.0
56 78 0.0
56 79 0.0
56 80 0.0
56 81 0.0
57 58 0.0
57 59 0.0
57 60 0.0
57 61 0.0
57 62 0.0
57 63 0.0
57 64 0.0
57 65 0.0
57 66 0.0
57 67 1.34413
57 68 0.0
57 69 0.0
57 70 0.0
57 71 0.0
57 72 0.0
57 73 0.0
57 74 0.0
57 75 0.0
57 76 4.69768
57 77 5.14853
57 78 0.0
57 79 4.04672
57 80 3.24695
57 81 3.7813
58 59 0.725708
58 60 0.0
58 61 0.0
58 62 0.0
58 63 0.0
58 64 0.0
58 65 0.0
58 66 0.725708
58 67 2.70882
58 68 0.0
58 69 1.34413
58 70 19.0958
58 71 0.0
58 72 0.0
58 73 0.0
58 74 0.0
58 75 0.0
58 76 5.70899
58 77 7.63806
58 78 0.0
58 79 3.7813
58 80 4.38868
58 81 5.77297
59 60 1.95501
59 61 1.67898
59 62 0.0
59 63 0.0
59 64 0.725708
59 65 0.725708
59 66 0.725708
59 67 0.0
59 68 0.725708
59 69 0.0
59 70 0.0
59 71 0.0
59 72 0.0
59 73 0.0
59 74 0.0
59 75 0.0
59 76 0.0
59 77 0.0
59 78 0.0
59 79 0.0
59 80 0.0
59 81 0.0
60 61 0.0
60 62 0.725708
60 63 0.0
60 64 0.0
60 65 0.0
60 66 0.0
60 67 1.34413
60 68 0.0
60 69 0.0
60 70 17.7182
60 71 0.0
60 72 0.0
60 73 0.0
60 74 0.0
60 75 0.0
60 76 6.34556
60 77 4.36773
60 78 0.0
60 79 5.15297
60 80 4.40409
60 81 4.95445
61 62 1.67898
61 63 0.0
61 64 0.0
61 65 0.0
61 66 0.0
61 67 0.0
61 68 0.0
61 69 0.0
61 70 20.2275
61 71 0.0
61 72 0.0
61 73 0.0
61 74 0.0
61 75 0.0
61 76 3.4568
61 77 2.23864
61 78 0.0
61 79 3.61176
61 80 1.34413
61 81 2.8475
62 63 0.0
62 64 0.0
62 65 0.0
62 66 0.725708
62 67 0.0
62 68 0.725708
62 69 1.95501
62 70 0.0
62 71 0.0
62 72 0.0
62 73 0.0
62 74 0.0
62 75 0.0
62 76 0.0
62 77 0.0
62 78 0.0
62 79 0.0
62 80 0.0
62 81 0.0
63 64 0.0
63 65 0.0
63 66 0.0
63 67 0.0
63 68 0.0
63 69 0.0
63 70 8.83403
63 71 0.0
63 72 0.0
63 73 0.0
63 74 0.0
63 75 0.0
63 76 1.95501
63 77 3.8192
63 78 0.0
63 79 2.36664
63 80 1.67898
63 81 0.725708
64 65 0.0
64 66 0.725708
64 67 0.0
64 68 0.0
64 69 0.0
64 70 0.0
64 71 0.0
64 72 0.0
64 73 0.0
64 74 0.0
64 75 0.0
64 76 1.34413
64 77 1.87451
64 78 0.0
64 79 2.02439
64 80 1.34413
64 81 1.139
65 66 0.0
65 67 0.0
65 68 0.0
65 69 0.0
65 70 0.0
65 71 0.0
65 72 0.0
65 73 0.0
65 74 0.0
65 75 0.0
65 76 1.34413
65 77 0.0
65 78 0.0
65 79 1.139
65 80 2.23864
65 81 2.70882
66 67 0.0
66 68 0.0
66 69 0.0
66 70 27.1586
66 71 0.0
66 72 0.0
66 73 0.0
66 74 0.0
66 75 0.0
66 76 0.725708
66 77 0.725708
66 78 0.0
66 79 0.0
66 80 0.0
66 81 0.0
67 68 1.34413
67 69 0.0
67 70 0.725708
67 71 0.0
67 72 0.0
67 73 0.0
67 74 0.0
67 75 0.0
67 76 0.0
67 77 0.0
67 78 0.0
67 79 0.0
67 80 0.0
67 81 0.0
68 69 0.0
68 70 9.9863
68 71 0.0
68 72 0.0
68 73 0.0
68 74 0.0
68 75 0.0
68 76 2.23864
68 77 1.67898
68 78 0.0
68 79 1.95501
68 80 2.02439
68 81 1.34413
69 70 13.3161
69 71 0.0
69 72 0.0
69 73 0.0
69 74 0.0
69 75 0.0
69 76 2.89989
69 77 4.1714
69 78 0.0
69 79 2.8475
69 80 4.84066
69 81 3.85357
70 71 0.0
70 72 0.0
70 73 0.0
70 74 0.0
70 75 0.0
70 76 0.0
70 77 0.0
70 78 0.0
70 79 0.0
70 80 0.0
70 81 0.0
71 72 0.0
71 73 0.0
71 74 0.0
71 75 1.34413
71 76 4.21111
71 77 4.37923
71 78 0.0
71 79 0.0
71 80 8.86747
71 81 0.0
72 73 0.0
72 74 0.0
72 75 0.0
72 76 0.0
72 77 0.0
72 78 0.0
72 79 0.0
72 80 0.0
72 81 0.0
73 74 0.0
73 75 1.67898
73 76 4.20112
73 77 0.0
73 78 0.0
73 79 0.0
73 80 0.0
73 81 0.0
74 75 7.0
74 76 12.1196
74 77 0.0
74 78 0.0
74 79 0.0
74 80 0.0
74 81 0.0
75 76 2.23864
75 77 7.23034
75 78 4.61032
75 79 1.34413
75 80 1.139
75 81 1.95501
76 77 11.0387
76 78 3.55016
76 79 3.65685
76 80 8.81015
76 81 3.8192
77 78 5.37835
77 79 3.10061
77 80 5.86266
77 81 3.02415
78 79 0.0
78 80 6.82139
78 81 5.12549
79 80 7.03204
79 81 2.21637
80 81 7.79351
